02/24/2022 18:54:17	MW	 122999	पार्श्व	अयः, on both sides	अयोः, on both sides	Typo	zaaf2@hotmail.com
